-1.600000000000000089e+00
-1.585000000000000187e+00
-1.570000000000000062e+00
-1.555000000000000160e+00
-1.540000000000000036e+00
-1.525000000000000133e+00
-1.510000000000000009e+00
-1.495000000000000107e+00
-1.479999999999999982e+00
-1.465000000000000080e+00
-1.450000000000000178e+00
-1.435000000000000053e+00
-1.420000000000000151e+00
-1.405000000000000027e+00
-1.390000000000000124e+00
-1.375000000000000000e+00
-1.360000000000000098e+00
-1.345000000000000195e+00
-1.330000000000000071e+00
-1.315000000000000169e+00
-1.300000000000000044e+00
-1.285000000000000142e+00
-1.270000000000000018e+00
-1.255000000000000115e+00
-1.240000000000000213e+00
-1.225000000000000089e+00
-1.209999999999999964e+00
-1.195000000000000062e+00
-1.180000000000000160e+00
-1.165000000000000036e+00
-1.150000000000000133e+00
-1.135000000000000231e+00
-1.120000000000000107e+00
-1.104999999999999982e+00
-1.090000000000000080e+00
-1.075000000000000178e+00
-1.060000000000000053e+00
-1.045000000000000151e+00
-1.030000000000000249e+00
-1.015000000000000124e+00
-1.000000000000000000e+00
-9.850000000000000977e-01
-9.700000000000000844e-01
-9.550000000000000711e-01
-9.400000000000001688e-01
-9.250000000000001554e-01
-9.100000000000001421e-01
-8.950000000000001288e-01
-8.800000000000001155e-01
-8.650000000000001021e-01
-8.500000000000000888e-01
-8.350000000000000755e-01
-8.200000000000000622e-01
-8.050000000000001599e-01
-7.900000000000001465e-01
-7.750000000000001332e-01
-7.600000000000001199e-01
-7.450000000000001066e-01
-7.300000000000000933e-01
-7.150000000000000799e-01
-7.000000000000001776e-01
-6.850000000000001643e-01
-6.700000000000001510e-01
-6.550000000000001377e-01
-6.400000000000001243e-01
-6.250000000000001110e-01
-6.100000000000000977e-01
-5.950000000000001954e-01
-5.800000000000000711e-01
-5.650000000000001688e-01
-5.500000000000000444e-01
-5.350000000000001421e-01
-5.200000000000000178e-01
-5.050000000000001155e-01
-4.900000000000002132e-01
-4.750000000000000888e-01
-4.600000000000001865e-01
-4.450000000000000622e-01
-4.300000000000001599e-01
-4.150000000000000355e-01
-4.000000000000001332e-01
-3.850000000000002309e-01
-3.700000000000001066e-01
-3.550000000000002043e-01
-3.400000000000000799e-01
-3.250000000000001776e-01
-3.100000000000000533e-01
-2.950000000000001510e-01
-2.800000000000002487e-01
-2.650000000000001243e-01
-2.500000000000002220e-01
-2.350000000000000977e-01
-2.200000000000001954e-01
-2.050000000000000711e-01
-1.900000000000001688e-01
-1.750000000000000444e-01
-1.600000000000001421e-01
-1.450000000000002398e-01
-1.300000000000001155e-01
-1.150000000000002132e-01
-1.000000000000000888e-01
-8.500000000000018652e-02
-7.000000000000006217e-02
-5.500000000000015987e-02
-4.000000000000003553e-02
-2.500000000000013323e-02
-1.000000000000023093e-02
4.999999999999893419e-03
1.999999999999979572e-02
3.499999999999992006e-02
4.999999999999982236e-02
6.499999999999994671e-02
7.999999999999984901e-02
9.499999999999975131e-02
1.099999999999998757e-01
1.249999999999997780e-01
1.399999999999999023e-01
1.549999999999998046e-01
1.699999999999999289e-01
1.849999999999998312e-01
1.999999999999997335e-01
2.149999999999998579e-01
2.299999999999997602e-01
2.449999999999998845e-01
2.599999999999997868e-01
2.749999999999999112e-01
2.899999999999998135e-01
3.049999999999999378e-01
3.199999999999998401e-01
3.349999999999997424e-01
3.499999999999998668e-01
3.649999999999997691e-01
3.799999999999998934e-01
3.949999999999997957e-01
4.099999999999996980e-01
4.249999999999998224e-01
4.399999999999999467e-01
4.549999999999996270e-01
4.699999999999997513e-01
4.849999999999998757e-01
5.000000000000000000e-01
5.149999999999996803e-01
5.299999999999998046e-01
5.449999999999999289e-01
5.600000000000000533e-01
5.749999999999997335e-01
5.899999999999998579e-01
6.049999999999999822e-01
6.199999999999996625e-01
6.349999999999997868e-01
6.499999999999999112e-01
6.650000000000000355e-01
6.799999999999997158e-01
6.949999999999998401e-01
7.099999999999999645e-01
7.249999999999996447e-01
7.399999999999997691e-01
7.549999999999998934e-01
7.700000000000000178e-01
7.849999999999996980e-01
7.999999999999998224e-01
8.149999999999999467e-01
8.299999999999996270e-01
8.449999999999997513e-01
8.599999999999998757e-01
8.750000000000000000e-01
8.899999999999996803e-01
9.049999999999998046e-01
9.199999999999999289e-01
9.349999999999996092e-01
9.499999999999997335e-01
9.649999999999998579e-01
9.799999999999999822e-01
9.949999999999996625e-01
1.009999999999999787e+00
1.024999999999999911e+00
1.039999999999999591e+00
1.054999999999999716e+00
1.069999999999999840e+00
1.084999999999999964e+00
1.099999999999999645e+00
1.114999999999999769e+00
1.129999999999999893e+00
1.145000000000000018e+00
1.159999999999999698e+00
1.174999999999999822e+00
1.189999999999999947e+00
1.204999999999999627e+00
1.219999999999999751e+00
1.234999999999999876e+00
1.250000000000000000e+00
1.264999999999999680e+00
1.279999999999999805e+00
1.294999999999999929e+00
1.309999999999999609e+00
1.324999999999999734e+00
1.339999999999999858e+00
1.354999999999999982e+00
1.369999999999999662e+00
1.384999999999999787e+00
1.399999999999999911e+00
1.414999999999999591e+00
1.429999999999999716e+00
1.444999999999999840e+00
1.459999999999999964e+00
1.474999999999999645e+00
1.489999999999999769e+00
1.504999999999999893e+00
1.520000000000000018e+00
1.534999999999999698e+00
1.549999999999999822e+00
1.564999999999999947e+00
1.579999999999999627e+00
1.594999999999999751e+00
1.609999999999999876e+00
1.625000000000000000e+00
1.639999999999999680e+00
1.654999999999999805e+00
1.669999999999999929e+00
1.684999999999999609e+00
1.699999999999999734e+00
1.714999999999999858e+00
1.729999999999999982e+00
1.744999999999999662e+00
1.759999999999999787e+00
1.774999999999999911e+00
1.789999999999999591e+00
1.804999999999999716e+00
1.819999999999999840e+00
1.834999999999999964e+00
1.849999999999999645e+00
1.864999999999999769e+00
1.879999999999999893e+00
1.894999999999999574e+00
1.909999999999999698e+00
1.924999999999999822e+00
1.939999999999999947e+00
1.954999999999999627e+00
1.969999999999999751e+00
1.984999999999999876e+00
1.999999999999999556e+00
2.014999999999999680e+00
2.029999999999999805e+00
2.044999999999999929e+00
2.059999999999999609e+00
2.074999999999999734e+00
2.089999999999999858e+00
2.104999999999999982e+00
2.119999999999999662e+00
2.134999999999999787e+00
2.149999999999999911e+00
2.164999999999999591e+00
2.179999999999999716e+00
2.194999999999999840e+00
2.209999999999999964e+00
2.224999999999999645e+00
2.239999999999999769e+00
2.254999999999999893e+00
2.269999999999999574e+00
2.284999999999999698e+00
2.299999999999999822e+00
2.314999999999999947e+00
2.329999999999999627e+00
2.344999999999999751e+00
2.359999999999999876e+00
2.374999999999999556e+00
2.389999999999999680e+00
2.404999999999999805e+00
2.419999999999999485e+00
2.435000000000000053e+00
2.449999999999999734e+00
2.464999999999999414e+00
2.479999999999999982e+00
2.494999999999999662e+00
2.509999999999999343e+00
2.524999999999999911e+00
2.539999999999999591e+00
2.555000000000000160e+00
2.569999999999999840e+00
2.584999999999999520e+00
2.600000000000000089e+00
2.614999999999999769e+00
2.629999999999999449e+00
2.645000000000000018e+00
2.659999999999999698e+00
2.674999999999999378e+00
2.689999999999999947e+00
2.704999999999999627e+00
2.720000000000000195e+00
2.734999999999999876e+00
2.749999999999999556e+00
2.765000000000000124e+00
2.779999999999999805e+00
2.794999999999999485e+00
2.810000000000000053e+00
2.824999999999999734e+00
2.839999999999999414e+00
2.854999999999999982e+00
2.869999999999999662e+00
2.884999999999999343e+00
2.899999999999999911e+00
2.914999999999999591e+00
2.930000000000000160e+00
2.944999999999999840e+00
2.959999999999999520e+00
2.975000000000000089e+00
2.989999999999999769e+00
3.004999999999999449e+00
3.020000000000000018e+00
3.034999999999999698e+00
3.049999999999999378e+00
3.064999999999999947e+00
3.079999999999999627e+00
3.094999999999999307e+00
3.109999999999999876e+00
3.124999999999999556e+00
3.140000000000000124e+00
3.154999999999999805e+00
3.169999999999999485e+00
3.185000000000000053e+00
3.199999999999999734e+00
3.214999999999999414e+00
3.229999999999999982e+00
3.244999999999999662e+00
3.259999999999999343e+00
3.274999999999999911e+00
3.289999999999999591e+00
3.305000000000000160e+00
3.319999999999999840e+00
3.334999999999999520e+00
3.350000000000000089e+00
3.364999999999999769e+00
3.379999999999999449e+00
3.395000000000000018e+00
3.409999999999999698e+00
3.424999999999999378e+00
3.439999999999999947e+00
3.454999999999999627e+00
3.469999999999999307e+00
3.484999999999999876e+00
3.499999999999999556e+00
3.515000000000000124e+00
3.529999999999999805e+00
3.544999999999999485e+00
3.560000000000000053e+00
3.574999999999999734e+00
3.589999999999999414e+00
3.604999999999999982e+00
3.619999999999999662e+00
3.634999999999999343e+00
3.649999999999999911e+00
3.664999999999999591e+00
3.679999999999999272e+00
3.694999999999999840e+00
3.709999999999999520e+00
3.725000000000000089e+00
3.739999999999999769e+00
3.754999999999999449e+00
3.770000000000000018e+00
3.784999999999999698e+00
3.799999999999999378e+00
3.814999999999999947e+00
3.829999999999999627e+00
3.844999999999999307e+00
3.859999999999999876e+00
3.874999999999999556e+00
3.890000000000000124e+00
3.904999999999999805e+00
3.919999999999999485e+00
3.935000000000000053e+00
3.949999999999999734e+00
3.964999999999999414e+00
3.979999999999999982e+00
3.994999999999999662e+00
4.009999999999999787e+00
4.025000000000000355e+00
4.039999999999999147e+00
4.054999999999999716e+00
4.070000000000000284e+00
4.084999999999999076e+00
4.099999999999999645e+00
4.115000000000000213e+00
4.129999999999999005e+00
4.144999999999999574e+00
4.160000000000000142e+00
4.174999999999998934e+00
4.189999999999999503e+00
4.205000000000000071e+00
4.219999999999998863e+00
4.234999999999999432e+00
4.250000000000000000e+00
4.265000000000000568e+00
4.279999999999999361e+00
4.294999999999999929e+00
4.310000000000000497e+00
4.324999999999999289e+00
4.339999999999999858e+00
4.355000000000000426e+00
4.369999999999999218e+00
4.384999999999999787e+00
4.400000000000000355e+00
4.414999999999999147e+00
4.429999999999999716e+00
4.445000000000000284e+00
4.459999999999999076e+00
4.474999999999999645e+00
4.490000000000000213e+00
4.504999999999999005e+00
4.519999999999999574e+00
4.535000000000000142e+00
4.549999999999998934e+00
4.564999999999999503e+00
4.580000000000000071e+00
4.594999999999998863e+00
4.609999999999999432e+00
4.625000000000000000e+00
4.640000000000000568e+00
4.654999999999999361e+00
4.669999999999999929e+00
4.685000000000000497e+00
4.699999999999999289e+00
4.714999999999999858e+00
4.730000000000000426e+00
4.744999999999999218e+00
4.759999999999999787e+00
4.775000000000000355e+00
4.789999999999999147e+00
4.804999999999999716e+00
4.820000000000000284e+00
4.834999999999999076e+00
4.849999999999999645e+00
4.865000000000000213e+00
4.879999999999999005e+00
4.894999999999999574e+00
4.910000000000000142e+00
4.924999999999998934e+00
4.939999999999999503e+00
4.955000000000000071e+00
4.969999999999998863e+00
4.984999999999999432e+00
5.000000000000000000e+00
5.014999999999998792e+00
5.029999999999999361e+00
5.044999999999999929e+00
5.060000000000000497e+00
5.074999999999999289e+00
5.089999999999999858e+00
5.105000000000000426e+00
5.119999999999999218e+00
5.134999999999999787e+00
5.150000000000000355e+00
5.164999999999999147e+00
5.179999999999999716e+00
5.195000000000000284e+00
5.209999999999999076e+00
5.224999999999999645e+00
5.240000000000000213e+00
5.254999999999999005e+00
5.269999999999999574e+00
5.285000000000000142e+00
5.299999999999998934e+00
5.314999999999999503e+00
5.330000000000000071e+00
5.344999999999998863e+00
5.359999999999999432e+00
5.375000000000000000e+00
5.389999999999998792e+00
5.404999999999999361e+00
5.419999999999999929e+00
5.435000000000000497e+00
5.449999999999999289e+00
5.464999999999999858e+00
5.480000000000000426e+00
5.494999999999999218e+00
5.509999999999999787e+00
5.525000000000000355e+00
5.539999999999999147e+00
5.554999999999999716e+00
5.570000000000000284e+00
5.584999999999999076e+00
5.599999999999999645e+00
5.615000000000000213e+00
5.629999999999999005e+00
5.644999999999999574e+00
5.660000000000000142e+00
5.674999999999998934e+00
5.689999999999999503e+00
5.705000000000000071e+00
5.719999999999998863e+00
5.734999999999999432e+00
5.750000000000000000e+00
5.764999999999998792e+00
5.779999999999999361e+00
5.794999999999999929e+00
5.810000000000000497e+00
5.824999999999999289e+00
5.839999999999999858e+00
5.855000000000000426e+00
5.869999999999999218e+00
5.884999999999999787e+00
5.900000000000000355e+00
5.914999999999999147e+00
5.929999999999999716e+00
5.945000000000000284e+00
5.959999999999999076e+00
5.974999999999999645e+00
5.990000000000000213e+00
6.004999999999999005e+00
6.019999999999999574e+00
6.035000000000000142e+00
6.049999999999998934e+00
6.064999999999999503e+00
6.080000000000000071e+00
6.094999999999998863e+00
6.109999999999999432e+00
6.125000000000000000e+00
6.139999999999998792e+00
6.154999999999999361e+00
6.169999999999999929e+00
6.185000000000000497e+00
6.199999999999999289e+00
6.214999999999999858e+00
6.230000000000000426e+00
6.244999999999999218e+00
6.259999999999999787e+00
6.275000000000000355e+00
6.289999999999999147e+00
6.304999999999999716e+00
6.320000000000000284e+00
6.334999999999999076e+00
6.349999999999999645e+00
6.365000000000000213e+00
6.379999999999999005e+00
6.394999999999999574e+00
6.410000000000000142e+00
6.425000000000000711e+00
6.439999999999999503e+00
6.455000000000000071e+00
6.470000000000000639e+00
6.484999999999999432e+00
6.500000000000000000e+00
6.515000000000000568e+00
6.529999999999999361e+00
6.544999999999999929e+00
6.560000000000000497e+00
6.574999999999999289e+00
6.589999999999999858e+00
6.605000000000000426e+00
6.619999999999999218e+00
6.634999999999999787e+00
6.650000000000000355e+00
6.665000000000000924e+00
6.679999999999999716e+00
6.695000000000000284e+00
6.710000000000000853e+00
6.724999999999999645e+00
6.740000000000000213e+00
6.755000000000000782e+00
6.769999999999999574e+00
6.785000000000000142e+00
6.800000000000000711e+00
6.814999999999999503e+00
6.830000000000000071e+00
6.845000000000000639e+00
6.859999999999999432e+00
6.875000000000000000e+00
6.890000000000000568e+00
6.904999999999999361e+00
6.919999999999999929e+00
6.935000000000000497e+00
6.949999999999999289e+00
6.964999999999999858e+00
6.980000000000000426e+00
6.994999999999999218e+00
7.009999999999999787e+00
7.025000000000000355e+00
7.040000000000000924e+00
7.054999999999999716e+00
7.070000000000000284e+00
7.085000000000000853e+00
7.099999999999999645e+00
7.115000000000000213e+00
7.130000000000000782e+00
7.144999999999999574e+00
7.160000000000000142e+00
7.175000000000000711e+00
7.189999999999999503e+00
7.205000000000000071e+00
7.220000000000000639e+00
7.234999999999999432e+00
7.250000000000000000e+00
7.265000000000000568e+00
7.279999999999999361e+00
7.294999999999999929e+00
7.310000000000000497e+00
7.324999999999999289e+00
7.339999999999999858e+00
7.355000000000000426e+00
7.369999999999999218e+00
7.384999999999999787e+00
7.400000000000000355e+00
7.414999999999999147e+00
7.429999999999999716e+00
7.445000000000000284e+00
7.460000000000000853e+00
7.474999999999999645e+00
7.490000000000000213e+00
7.505000000000000782e+00
7.519999999999999574e+00
7.535000000000000142e+00
7.550000000000000711e+00
7.564999999999999503e+00
7.580000000000000071e+00
7.595000000000000639e+00
7.609999999999999432e+00
7.625000000000000000e+00
7.640000000000000568e+00
7.654999999999999361e+00
7.669999999999999929e+00
7.685000000000000497e+00
7.699999999999999289e+00
7.714999999999999858e+00
7.730000000000000426e+00
7.744999999999999218e+00
7.759999999999999787e+00
7.775000000000000355e+00
7.789999999999999147e+00
7.804999999999999716e+00
7.820000000000000284e+00
7.835000000000000853e+00
7.849999999999999645e+00
7.865000000000000213e+00
7.880000000000000782e+00
7.894999999999999574e+00
7.910000000000000142e+00
7.925000000000000711e+00
7.939999999999999503e+00
7.955000000000000071e+00
7.970000000000000639e+00
7.984999999999999432e+00
8.000000000000000000e+00
8.015000000000000568e+00
8.029999999999999361e+00
8.044999999999999929e+00
8.060000000000000497e+00
8.074999999999999289e+00
8.089999999999999858e+00
8.105000000000000426e+00
8.119999999999999218e+00
8.134999999999999787e+00
8.150000000000000355e+00
8.164999999999999147e+00
8.179999999999999716e+00
8.195000000000000284e+00
8.210000000000000853e+00
8.224999999999999645e+00
8.240000000000000213e+00
8.255000000000000782e+00
8.269999999999999574e+00
8.285000000000000142e+00
8.300000000000000711e+00
8.314999999999999503e+00
8.330000000000000071e+00
8.345000000000000639e+00
8.359999999999999432e+00
8.375000000000000000e+00
8.390000000000000568e+00
8.404999999999999361e+00
8.419999999999999929e+00
8.435000000000000497e+00
8.449999999999999289e+00
8.464999999999999858e+00
8.480000000000000426e+00
8.494999999999999218e+00
8.509999999999999787e+00
8.525000000000000355e+00
8.539999999999999147e+00
8.554999999999999716e+00
8.570000000000000284e+00
8.585000000000000853e+00
8.599999999999999645e+00
8.615000000000000213e+00
8.630000000000000782e+00
8.644999999999999574e+00
8.660000000000000142e+00
8.675000000000000711e+00
8.689999999999999503e+00
8.705000000000000071e+00
8.720000000000000639e+00
8.734999999999999432e+00
8.750000000000000000e+00
8.765000000000000568e+00
8.779999999999999361e+00
8.794999999999999929e+00
8.810000000000000497e+00
8.824999999999999289e+00
8.839999999999999858e+00
8.855000000000000426e+00
8.869999999999999218e+00
8.884999999999999787e+00
8.900000000000000355e+00
8.914999999999999147e+00
8.929999999999999716e+00
8.945000000000000284e+00
8.959999999999999076e+00
8.974999999999999645e+00
8.990000000000000213e+00
9.005000000000000782e+00
9.019999999999999574e+00
9.035000000000000142e+00
9.050000000000000711e+00
9.064999999999999503e+00
9.080000000000000071e+00
9.095000000000000639e+00
9.109999999999999432e+00
9.125000000000000000e+00
9.140000000000000568e+00
9.154999999999999361e+00
9.169999999999999929e+00
9.185000000000000497e+00
9.199999999999999289e+00
9.214999999999999858e+00
9.230000000000000426e+00
9.244999999999999218e+00
9.259999999999999787e+00
9.275000000000000355e+00
9.289999999999999147e+00
9.304999999999999716e+00
9.320000000000000284e+00
9.334999999999999076e+00
9.349999999999999645e+00
9.365000000000000213e+00
9.380000000000000782e+00
9.394999999999999574e+00
9.410000000000000142e+00
9.425000000000000711e+00
9.439999999999999503e+00
9.455000000000000071e+00
9.470000000000000639e+00
9.484999999999999432e+00
9.500000000000000000e+00
9.515000000000000568e+00
9.529999999999999361e+00
9.544999999999999929e+00
9.560000000000000497e+00
9.574999999999999289e+00
9.589999999999999858e+00
9.605000000000000426e+00
9.619999999999999218e+00
9.634999999999999787e+00
9.650000000000000355e+00
9.664999999999999147e+00
9.679999999999999716e+00
9.695000000000000284e+00
9.709999999999999076e+00
9.724999999999999645e+00
9.740000000000000213e+00
9.755000000000000782e+00
9.769999999999999574e+00
9.785000000000000142e+00
9.800000000000000711e+00
9.814999999999999503e+00
9.830000000000000071e+00
9.845000000000000639e+00
9.859999999999999432e+00
9.875000000000000000e+00
9.890000000000000568e+00
9.904999999999999361e+00
9.919999999999999929e+00
9.935000000000000497e+00
9.949999999999999289e+00
9.964999999999999858e+00
9.980000000000000426e+00
9.994999999999999218e+00
1.000999999999999979e+01
1.002500000000000036e+01
1.003999999999999915e+01
1.005499999999999972e+01
1.007000000000000028e+01
1.008499999999999908e+01
1.009999999999999964e+01
1.011500000000000021e+01
1.013000000000000078e+01
1.014499999999999957e+01
1.016000000000000014e+01
1.017500000000000071e+01
1.018999999999999950e+01
1.020500000000000007e+01
1.022000000000000064e+01
1.023499999999999943e+01
1.025000000000000000e+01
1.026500000000000057e+01
1.027999999999999936e+01
1.029499999999999993e+01
1.031000000000000050e+01
1.032499999999999929e+01
1.033999999999999986e+01
1.035500000000000043e+01
1.036999999999999922e+01
1.038499999999999979e+01
1.040000000000000036e+01
1.041499999999999915e+01
1.042999999999999972e+01
1.044500000000000028e+01
1.045999999999999908e+01
1.047499999999999964e+01
1.049000000000000021e+01
1.050500000000000078e+01
1.051999999999999957e+01
1.053500000000000014e+01
1.055000000000000071e+01
1.056499999999999950e+01
1.058000000000000007e+01
1.059500000000000064e+01
1.060999999999999943e+01
1.062500000000000000e+01
1.064000000000000057e+01
1.065499999999999936e+01
1.066999999999999993e+01
1.068500000000000050e+01
1.069999999999999929e+01
1.071499999999999986e+01
1.073000000000000043e+01
1.074499999999999922e+01
1.075999999999999979e+01
1.077500000000000036e+01
1.078999999999999915e+01
1.080499999999999972e+01
1.082000000000000028e+01
1.083499999999999908e+01
1.084999999999999964e+01
1.086500000000000021e+01
1.088000000000000078e+01
1.089499999999999957e+01
1.091000000000000014e+01
1.092500000000000071e+01
1.093999999999999950e+01
1.095500000000000007e+01
1.097000000000000064e+01
1.098499999999999943e+01
1.100000000000000000e+01
1.101500000000000057e+01
1.102999999999999936e+01
1.104499999999999993e+01
1.106000000000000050e+01
1.107499999999999929e+01
1.108999999999999986e+01
1.110500000000000043e+01
1.111999999999999922e+01
1.113499999999999979e+01
1.115000000000000036e+01
1.116499999999999915e+01
1.117999999999999972e+01
1.119500000000000028e+01
1.120999999999999908e+01
1.122499999999999964e+01
1.124000000000000021e+01
1.125499999999999901e+01
1.126999999999999957e+01
1.128500000000000014e+01
1.130000000000000071e+01
1.131499999999999950e+01
1.133000000000000007e+01
1.134500000000000064e+01
1.135999999999999943e+01
1.137500000000000000e+01
1.139000000000000057e+01
1.140499999999999936e+01
1.141999999999999993e+01
1.143500000000000050e+01
1.144999999999999929e+01
1.146499999999999986e+01
1.148000000000000043e+01
1.149499999999999922e+01
1.150999999999999979e+01
1.152500000000000036e+01
1.153999999999999915e+01
1.155499999999999972e+01
1.157000000000000028e+01
1.158499999999999908e+01
1.159999999999999964e+01
1.161500000000000021e+01
1.162999999999999901e+01
1.164499999999999957e+01
1.166000000000000014e+01
1.167500000000000071e+01
1.168999999999999950e+01
1.170500000000000007e+01
1.172000000000000064e+01
1.173499999999999943e+01
1.175000000000000000e+01
1.176500000000000057e+01
1.177999999999999936e+01
1.179499999999999993e+01
1.181000000000000050e+01
1.182499999999999929e+01
1.183999999999999986e+01
1.185500000000000043e+01
1.186999999999999922e+01
1.188499999999999979e+01
1.190000000000000036e+01
1.191499999999999915e+01
1.192999999999999972e+01
1.194500000000000028e+01
1.195999999999999908e+01
1.197499999999999964e+01
1.199000000000000021e+01
1.200499999999999901e+01
1.201999999999999957e+01
1.203500000000000014e+01
1.205000000000000071e+01
1.206499999999999950e+01
1.208000000000000007e+01
1.209500000000000064e+01
1.210999999999999943e+01
1.212500000000000000e+01
1.214000000000000057e+01
1.215499999999999936e+01
1.216999999999999993e+01
1.218500000000000050e+01
1.219999999999999929e+01
1.221499999999999986e+01
1.223000000000000043e+01
1.224499999999999922e+01
1.225999999999999979e+01
1.227500000000000036e+01
1.228999999999999915e+01
1.230499999999999972e+01
1.232000000000000028e+01
1.233499999999999908e+01
1.234999999999999964e+01
1.236500000000000021e+01
1.237999999999999901e+01
1.239499999999999957e+01
1.241000000000000014e+01
1.242500000000000071e+01
1.243999999999999950e+01
1.245500000000000007e+01
1.247000000000000064e+01
1.248499999999999943e+01
1.250000000000000000e+01
1.251500000000000057e+01
1.252999999999999936e+01
1.254499999999999993e+01
1.256000000000000050e+01
1.257499999999999929e+01
1.258999999999999986e+01
1.260500000000000043e+01
1.261999999999999922e+01
1.263499999999999979e+01
1.265000000000000036e+01
1.266499999999999915e+01
1.267999999999999972e+01
1.269500000000000028e+01
1.270999999999999908e+01
1.272499999999999964e+01
1.274000000000000021e+01
1.275499999999999901e+01
1.276999999999999957e+01
1.278500000000000014e+01
1.279999999999999893e+01
1.281499999999999950e+01
1.283000000000000007e+01
1.284500000000000064e+01
1.285999999999999943e+01
1.287500000000000000e+01
1.289000000000000057e+01
1.290499999999999936e+01
1.291999999999999993e+01
1.293500000000000050e+01
1.294999999999999929e+01
1.296499999999999986e+01
1.298000000000000043e+01
1.299499999999999922e+01
1.300999999999999979e+01
1.302500000000000036e+01
1.303999999999999915e+01
1.305499999999999972e+01
1.307000000000000028e+01
1.308499999999999908e+01
1.309999999999999964e+01
1.311500000000000021e+01
1.312999999999999901e+01
1.314499999999999957e+01
1.316000000000000014e+01
1.317499999999999893e+01
1.318999999999999950e+01
1.320500000000000007e+01
1.322000000000000064e+01
1.323499999999999943e+01
1.325000000000000000e+01
1.326500000000000057e+01
1.327999999999999936e+01
1.329499999999999993e+01
1.331000000000000050e+01
1.332499999999999929e+01
1.333999999999999986e+01
1.335500000000000043e+01
1.336999999999999922e+01
1.338499999999999979e+01
1.340000000000000036e+01
1.341499999999999915e+01
1.342999999999999972e+01
1.344500000000000028e+01
1.345999999999999908e+01
1.347499999999999964e+01
1.349000000000000021e+01
1.350499999999999901e+01
1.351999999999999957e+01
1.353500000000000014e+01
1.354999999999999893e+01
1.356499999999999950e+01
1.358000000000000007e+01
1.359500000000000064e+01
1.360999999999999943e+01
1.362500000000000000e+01
1.364000000000000057e+01
1.365499999999999936e+01
1.366999999999999993e+01
1.368500000000000050e+01
1.369999999999999929e+01
1.371499999999999986e+01
1.373000000000000043e+01
1.374499999999999922e+01
1.375999999999999979e+01
1.377500000000000036e+01
1.378999999999999915e+01
1.380499999999999972e+01
1.382000000000000028e+01
1.383499999999999908e+01
1.384999999999999964e+01
1.386500000000000021e+01
1.387999999999999901e+01
1.389499999999999957e+01
1.391000000000000014e+01
1.392499999999999893e+01
1.393999999999999950e+01
1.395500000000000007e+01
1.397000000000000064e+01
1.398499999999999943e+01
1.400000000000000000e+01
1.401500000000000057e+01
1.402999999999999936e+01
1.404499999999999993e+01
1.406000000000000050e+01
1.407499999999999929e+01
1.408999999999999986e+01
1.410500000000000043e+01
1.411999999999999922e+01
1.413499999999999979e+01
1.415000000000000036e+01
1.416499999999999915e+01
1.417999999999999972e+01
1.419500000000000028e+01
1.420999999999999908e+01
1.422499999999999964e+01
1.424000000000000021e+01
1.425499999999999901e+01
1.426999999999999957e+01
1.428500000000000014e+01
1.429999999999999893e+01
1.431499999999999950e+01
1.433000000000000007e+01
1.434500000000000064e+01
1.435999999999999943e+01
1.437500000000000000e+01
1.439000000000000057e+01
1.440499999999999936e+01
1.441999999999999993e+01
1.443500000000000050e+01
1.445000000000000107e+01
1.446499999999999808e+01
1.447999999999999865e+01
1.449499999999999922e+01
1.450999999999999979e+01
1.452500000000000036e+01
1.454000000000000092e+01
1.455500000000000149e+01
1.456999999999999851e+01
1.458499999999999908e+01
1.459999999999999964e+01
1.461500000000000021e+01
1.463000000000000078e+01
1.464500000000000135e+01
1.465999999999999837e+01
1.467499999999999893e+01
1.468999999999999950e+01
1.470500000000000007e+01
1.472000000000000064e+01
1.473500000000000121e+01
1.474999999999999822e+01
1.476499999999999879e+01
1.477999999999999936e+01
1.479499999999999993e+01
1.481000000000000050e+01
1.482500000000000107e+01
1.483999999999999808e+01
1.485499999999999865e+01
1.486999999999999922e+01
1.488499999999999979e+01
1.490000000000000036e+01
1.491500000000000092e+01
1.493000000000000149e+01
1.494499999999999851e+01
1.495999999999999908e+01
1.497499999999999964e+01
1.499000000000000021e+01
1.500500000000000078e+01
1.502000000000000135e+01
1.503499999999999837e+01
1.504999999999999893e+01
1.506499999999999950e+01
1.508000000000000007e+01
1.509500000000000064e+01
1.511000000000000121e+01
1.512499999999999822e+01
1.513999999999999879e+01
1.515499999999999936e+01
1.516999999999999993e+01
1.518500000000000050e+01
1.520000000000000107e+01
1.521499999999999808e+01
1.522999999999999865e+01
1.524499999999999922e+01
1.525999999999999979e+01
1.527500000000000036e+01
1.529000000000000092e+01
1.530500000000000149e+01
1.531999999999999851e+01
1.533499999999999908e+01
1.534999999999999964e+01
1.536500000000000021e+01
1.538000000000000078e+01
1.539500000000000135e+01
1.540999999999999837e+01
1.542499999999999893e+01
1.543999999999999950e+01
1.545500000000000007e+01
1.547000000000000064e+01
1.548500000000000121e+01
1.549999999999999822e+01
1.551499999999999879e+01
1.552999999999999936e+01
1.554499999999999993e+01
1.556000000000000050e+01
1.557500000000000107e+01
1.558999999999999808e+01
1.560499999999999865e+01
1.561999999999999922e+01
1.563499999999999979e+01
1.565000000000000036e+01
1.566500000000000092e+01
1.568000000000000149e+01
1.569499999999999851e+01
1.570999999999999908e+01
1.572499999999999964e+01
1.574000000000000021e+01
1.575500000000000078e+01
1.577000000000000135e+01
1.578499999999999837e+01
1.579999999999999893e+01
1.581499999999999950e+01
1.583000000000000007e+01
1.584500000000000064e+01
1.586000000000000121e+01
1.587499999999999822e+01
1.588999999999999879e+01
1.590499999999999936e+01
1.591999999999999993e+01
1.593500000000000050e+01
1.595000000000000107e+01
1.596499999999999808e+01
1.597999999999999865e+01
1.599499999999999922e+01
1.600999999999999801e+01
1.602499999999999858e+01
1.603999999999999915e+01
1.605499999999999616e+01
1.606999999999999673e+01
1.608499999999999730e+01
1.609999999999999787e+01
1.611499999999999844e+01
1.612999999999999901e+01
1.614499999999999957e+01
1.615999999999999659e+01
1.617499999999999716e+01
1.618999999999999773e+01
1.620499999999999829e+01
1.621999999999999886e+01
1.623499999999999943e+01
1.624999999999999645e+01
1.626499999999999702e+01
1.627999999999999758e+01
1.629499999999999815e+01
1.630999999999999872e+01
1.632499999999999929e+01
1.633999999999999631e+01
1.635499999999999687e+01
1.636999999999999744e+01
1.638499999999999801e+01
1.639999999999999858e+01
1.641499999999999915e+01
1.642999999999999616e+01
1.644499999999999673e+01
1.645999999999999730e+01
1.647499999999999787e+01
1.648999999999999844e+01
1.650499999999999901e+01
1.651999999999999957e+01
1.653499999999999659e+01
1.654999999999999716e+01
1.656499999999999773e+01
1.657999999999999829e+01
1.659499999999999886e+01
1.660999999999999943e+01
1.662499999999999645e+01
1.663999999999999702e+01
1.665499999999999758e+01
1.666999999999999815e+01
1.668499999999999872e+01
1.669999999999999929e+01
1.671499999999999631e+01
1.672999999999999687e+01
1.674499999999999744e+01
1.675999999999999801e+01
1.677499999999999858e+01
1.678999999999999915e+01
1.680499999999999616e+01
1.681999999999999673e+01
1.683499999999999730e+01
1.684999999999999787e+01
1.686499999999999844e+01
1.687999999999999901e+01
1.689499999999999957e+01
1.690999999999999659e+01
1.692499999999999716e+01
1.693999999999999773e+01
1.695499999999999829e+01
1.696999999999999886e+01
1.698499999999999943e+01
1.699999999999999645e+01
1.701499999999999702e+01
1.702999999999999758e+01
1.704499999999999815e+01
1.705999999999999872e+01
1.707499999999999929e+01
1.708999999999999631e+01
1.710499999999999687e+01
1.711999999999999744e+01
1.713499999999999801e+01
1.714999999999999858e+01
1.716499999999999915e+01
1.717999999999999616e+01
1.719499999999999673e+01
1.720999999999999730e+01
1.722499999999999787e+01
1.723999999999999844e+01
1.725499999999999901e+01
1.726999999999999957e+01
1.728499999999999659e+01
1.729999999999999716e+01
1.731499999999999773e+01
1.732999999999999829e+01
1.734499999999999886e+01
1.735999999999999943e+01
1.737499999999999645e+01
1.738999999999999702e+01
1.740499999999999758e+01
1.741999999999999815e+01
1.743499999999999872e+01
1.744999999999999929e+01
1.746499999999999631e+01
1.747999999999999687e+01
1.749499999999999744e+01
1.750999999999999801e+01
1.752499999999999858e+01
1.753999999999999915e+01
1.755499999999999616e+01
1.756999999999999673e+01
1.758499999999999730e+01
1.759999999999999787e+01
1.761499999999999844e+01
1.762999999999999901e+01
1.764499999999999957e+01
1.765999999999999659e+01
1.767499999999999716e+01
1.768999999999999773e+01
1.770499999999999829e+01
1.771999999999999886e+01
1.773499999999999943e+01
1.774999999999999645e+01
1.776499999999999702e+01
1.777999999999999758e+01
1.779499999999999815e+01
1.780999999999999872e+01
1.782499999999999929e+01
1.783999999999999631e+01
1.785499999999999687e+01
1.786999999999999744e+01
1.788499999999999801e+01
1.789999999999999858e+01
1.791499999999999915e+01
1.792999999999999616e+01
1.794499999999999673e+01
1.795999999999999730e+01
1.797499999999999787e+01
1.798999999999999844e+01
1.800499999999999901e+01
1.801999999999999957e+01
1.803499999999999659e+01
1.804999999999999716e+01
1.806499999999999773e+01
1.807999999999999829e+01
1.809499999999999886e+01
1.810999999999999943e+01
1.812499999999999645e+01
1.813999999999999702e+01
1.815499999999999758e+01
1.816999999999999815e+01
1.818499999999999872e+01
1.819999999999999929e+01
1.821499999999999631e+01
1.822999999999999687e+01
1.824499999999999744e+01
1.825999999999999801e+01
1.827499999999999858e+01
1.828999999999999915e+01
1.830499999999999616e+01
1.831999999999999673e+01
1.833499999999999730e+01
1.834999999999999787e+01
1.836499999999999844e+01
1.837999999999999901e+01
1.839499999999999957e+01
1.840999999999999659e+01
1.842499999999999716e+01
1.843999999999999773e+01
1.845499999999999829e+01
1.846999999999999886e+01
1.848499999999999943e+01
1.849999999999999645e+01
1.851499999999999702e+01
1.852999999999999758e+01
1.854499999999999815e+01
1.855999999999999872e+01
1.857499999999999929e+01
1.858999999999999631e+01
1.860499999999999687e+01
1.861999999999999744e+01
1.863499999999999801e+01
1.864999999999999858e+01
1.866499999999999915e+01
1.867999999999999616e+01
1.869499999999999673e+01
1.870999999999999730e+01
1.872499999999999787e+01
1.873999999999999844e+01
1.875499999999999901e+01
1.876999999999999957e+01
1.878499999999999659e+01
1.879999999999999716e+01
1.881499999999999773e+01
1.882999999999999829e+01
1.884499999999999886e+01
1.885999999999999943e+01
1.887499999999999645e+01
1.888999999999999702e+01
1.890499999999999758e+01
1.891999999999999815e+01
1.893499999999999872e+01
1.894999999999999929e+01
1.896499999999999631e+01
1.897999999999999687e+01
1.899499999999999744e+01
1.900999999999999801e+01
1.902499999999999858e+01
1.903999999999999915e+01
1.905499999999999616e+01
1.906999999999999673e+01
1.908499999999999730e+01
1.909999999999999787e+01
1.911499999999999844e+01
1.912999999999999901e+01
1.914499999999999957e+01
1.915999999999999659e+01
1.917499999999999716e+01
1.918999999999999773e+01
1.920499999999999829e+01
1.921999999999999886e+01
1.923499999999999943e+01
1.924999999999999645e+01
1.926499999999999702e+01
1.927999999999999758e+01
1.929499999999999815e+01
1.930999999999999872e+01
1.932499999999999929e+01
1.933999999999999631e+01
1.935499999999999687e+01
1.936999999999999744e+01
1.938499999999999801e+01
1.939999999999999858e+01
1.941499999999999915e+01
1.942999999999999616e+01
1.944499999999999673e+01
1.945999999999999730e+01
1.947499999999999787e+01
1.948999999999999844e+01
1.950499999999999901e+01
1.951999999999999602e+01
1.953499999999999659e+01
1.954999999999999716e+01
1.956499999999999773e+01
1.957999999999999829e+01
1.959499999999999886e+01
1.960999999999999943e+01
1.962499999999999645e+01
1.963999999999999702e+01
1.965499999999999758e+01
1.966999999999999815e+01
1.968499999999999872e+01
1.969999999999999929e+01
1.971499999999999631e+01
1.972999999999999687e+01
1.974499999999999744e+01
1.975999999999999801e+01
1.977499999999999858e+01
1.978999999999999915e+01
1.980499999999999616e+01
1.981999999999999673e+01
1.983499999999999730e+01
1.984999999999999787e+01
1.986499999999999844e+01
1.987999999999999901e+01
1.989499999999999602e+01
1.990999999999999659e+01
1.992499999999999716e+01
1.993999999999999773e+01
1.995499999999999829e+01
1.996999999999999886e+01
1.998499999999999943e+01
1.999999999999999645e+01
2.001499999999999702e+01
2.002999999999999758e+01
2.004499999999999815e+01
2.005999999999999872e+01
2.007499999999999929e+01
2.008999999999999631e+01
2.010499999999999687e+01
2.011999999999999744e+01
2.013499999999999801e+01
2.014999999999999858e+01
2.016499999999999915e+01
2.017999999999999616e+01
2.019499999999999673e+01
2.020999999999999730e+01
2.022499999999999787e+01
2.023999999999999844e+01
2.025499999999999901e+01
2.026999999999999602e+01
2.028499999999999659e+01
2.029999999999999716e+01
2.031499999999999773e+01
2.032999999999999829e+01
2.034499999999999886e+01
2.035999999999999943e+01
2.037499999999999645e+01
2.038999999999999702e+01
2.040499999999999758e+01
2.041999999999999815e+01
2.043499999999999872e+01
2.044999999999999929e+01
2.046499999999999631e+01
2.047999999999999687e+01
2.049499999999999744e+01
2.050999999999999801e+01
2.052499999999999858e+01
2.053999999999999915e+01
2.055499999999999616e+01
2.056999999999999673e+01
2.058499999999999730e+01
2.059999999999999787e+01
2.061499999999999844e+01
2.062999999999999901e+01
2.064499999999999602e+01
2.065999999999999659e+01
2.067499999999999716e+01
2.068999999999999773e+01
2.070499999999999829e+01
2.071999999999999886e+01
2.073499999999999943e+01
2.074999999999999645e+01
2.076499999999999702e+01
2.077999999999999758e+01
2.079499999999999815e+01
2.080999999999999872e+01
2.082499999999999929e+01
2.083999999999999631e+01
2.085499999999999687e+01
2.086999999999999744e+01
2.088499999999999801e+01
2.089999999999999858e+01
2.091499999999999915e+01
2.092999999999999616e+01
2.094499999999999673e+01
2.095999999999999730e+01
2.097499999999999787e+01
2.098999999999999844e+01
2.100499999999999901e+01
2.101999999999999602e+01
2.103499999999999659e+01
2.104999999999999716e+01
2.106499999999999773e+01
2.107999999999999829e+01
2.109499999999999886e+01
2.110999999999999943e+01
2.112499999999999645e+01
2.113999999999999702e+01
2.115499999999999758e+01
2.116999999999999815e+01
2.118499999999999872e+01
2.119999999999999929e+01
2.121499999999999631e+01
2.122999999999999687e+01
2.124499999999999744e+01
2.125999999999999801e+01
2.127499999999999858e+01
2.128999999999999915e+01
2.130499999999999616e+01
2.131999999999999673e+01
2.133499999999999730e+01
2.134999999999999787e+01
2.136499999999999844e+01
2.137999999999999901e+01
2.139499999999999602e+01
2.140999999999999659e+01
2.142499999999999716e+01
2.143999999999999773e+01
2.145499999999999829e+01
2.146999999999999886e+01
2.148499999999999943e+01
2.149999999999999645e+01
2.151499999999999702e+01
2.152999999999999758e+01
2.154499999999999815e+01
2.155999999999999872e+01
2.157499999999999929e+01
2.158999999999999631e+01
2.160499999999999687e+01
2.161999999999999744e+01
2.163499999999999801e+01
2.164999999999999858e+01
2.166499999999999915e+01
2.167999999999999616e+01
2.169499999999999673e+01
2.170999999999999730e+01
2.172499999999999787e+01
2.173999999999999844e+01
2.175499999999999901e+01
2.176999999999999602e+01
2.178499999999999659e+01
2.179999999999999716e+01
2.181499999999999773e+01
2.182999999999999829e+01
2.184499999999999886e+01
2.185999999999999943e+01
2.187499999999999645e+01
2.188999999999999702e+01
2.190499999999999758e+01
2.191999999999999815e+01
2.193499999999999872e+01
2.194999999999999929e+01
2.196499999999999631e+01
2.197999999999999687e+01
2.199499999999999744e+01
2.200999999999999801e+01
2.202499999999999858e+01
2.203999999999999915e+01
2.205499999999999616e+01
2.206999999999999673e+01
2.208499999999999730e+01
2.209999999999999787e+01
2.211499999999999844e+01
2.212999999999999901e+01
2.214499999999999602e+01
2.215999999999999659e+01
2.217499999999999716e+01
2.218999999999999773e+01
2.220499999999999829e+01
2.221999999999999886e+01
2.223499999999999943e+01
2.224999999999999645e+01
2.226499999999999702e+01
2.227999999999999758e+01
2.229499999999999815e+01
2.230999999999999872e+01
2.232499999999999929e+01
2.233999999999999631e+01
2.235499999999999687e+01
2.236999999999999744e+01
2.238499999999999801e+01
2.239999999999999858e+01
2.241499999999999915e+01
2.242999999999999616e+01
2.244499999999999673e+01
2.245999999999999730e+01
2.247499999999999787e+01
2.248999999999999844e+01
2.250499999999999901e+01
2.251999999999999602e+01
2.253499999999999659e+01
2.254999999999999716e+01
2.256499999999999773e+01
2.257999999999999829e+01
2.259499999999999886e+01
2.260999999999999943e+01
2.262499999999999645e+01
2.263999999999999702e+01
2.265499999999999758e+01
2.266999999999999815e+01
2.268499999999999872e+01
2.269999999999999929e+01
2.271499999999999631e+01
2.272999999999999687e+01
2.274499999999999744e+01
2.275999999999999801e+01
2.277499999999999858e+01
2.278999999999999915e+01
2.280499999999999616e+01
2.281999999999999673e+01
2.283499999999999730e+01
2.284999999999999787e+01
2.286499999999999844e+01
2.287999999999999901e+01
2.289499999999999602e+01
2.290999999999999659e+01
2.292499999999999716e+01
2.293999999999999773e+01
2.295499999999999829e+01
2.296999999999999886e+01
2.298499999999999943e+01
2.299999999999999645e+01
2.301499999999999702e+01
2.302999999999999758e+01
2.304499999999999815e+01
2.305999999999999872e+01
2.307499999999999929e+01
2.308999999999999631e+01
2.310499999999999687e+01
2.311999999999999744e+01
2.313499999999999801e+01
2.314999999999999858e+01
2.316499999999999915e+01
2.317999999999999616e+01
2.319499999999999673e+01
2.320999999999999730e+01
2.322499999999999787e+01
2.323999999999999844e+01
2.325499999999999901e+01
2.326999999999999602e+01
2.328499999999999659e+01
2.329999999999999716e+01
2.331499999999999773e+01
2.332999999999999829e+01
2.334499999999999886e+01
2.335999999999999943e+01
2.337499999999999645e+01
2.338999999999999702e+01
2.340499999999999758e+01
2.341999999999999815e+01
2.343499999999999872e+01
2.344999999999999929e+01
2.346499999999999631e+01
2.347999999999999687e+01
2.349499999999999744e+01
2.350999999999999801e+01
2.352499999999999858e+01
2.353999999999999915e+01
2.355499999999999616e+01
2.356999999999999673e+01
2.358499999999999730e+01
2.359999999999999787e+01
2.361499999999999844e+01
2.362999999999999901e+01
2.364499999999999602e+01
2.365999999999999659e+01
2.367499999999999716e+01
2.368999999999999773e+01
2.370499999999999829e+01
2.371999999999999886e+01
2.373499999999999588e+01
2.374999999999999645e+01
2.376499999999999702e+01
2.377999999999999758e+01
2.379499999999999815e+01
2.380999999999999872e+01
2.382499999999999929e+01
2.383999999999999631e+01
2.385499999999999687e+01
2.386999999999999744e+01
2.388499999999999801e+01
2.389999999999999858e+01
2.391499999999999915e+01
2.392999999999999616e+01
2.394499999999999673e+01
2.395999999999999730e+01
2.397499999999999787e+01
2.398999999999999844e+01
2.400499999999999901e+01
2.401999999999999602e+01
2.403499999999999659e+01
2.404999999999999716e+01
2.406499999999999773e+01
2.407999999999999829e+01
2.409499999999999886e+01
2.410999999999999588e+01
2.412499999999999645e+01
2.413999999999999702e+01
2.415499999999999758e+01
2.416999999999999815e+01
2.418499999999999872e+01
2.419999999999999929e+01
2.421499999999999631e+01
2.422999999999999687e+01
2.424499999999999744e+01
2.425999999999999801e+01
2.427499999999999858e+01
2.428999999999999915e+01
2.430499999999999616e+01
2.431999999999999673e+01
2.433499999999999730e+01
2.434999999999999787e+01
2.436499999999999844e+01
2.437999999999999901e+01
2.439499999999999602e+01
2.440999999999999659e+01
2.442499999999999716e+01
2.443999999999999773e+01
2.445499999999999829e+01
2.446999999999999886e+01
2.448499999999999588e+01
2.449999999999999645e+01
2.451499999999999702e+01
2.452999999999999758e+01
2.454499999999999815e+01
2.455999999999999872e+01
2.457499999999999929e+01
2.458999999999999631e+01
2.460499999999999687e+01
2.461999999999999744e+01
2.463499999999999801e+01
2.464999999999999858e+01
2.466499999999999915e+01
2.467999999999999616e+01
2.469499999999999673e+01
2.470999999999999730e+01
2.472499999999999787e+01
2.473999999999999844e+01
2.475499999999999901e+01
2.476999999999999602e+01
2.478499999999999659e+01
2.479999999999999716e+01
2.481499999999999773e+01
2.482999999999999829e+01
2.484499999999999886e+01
2.485999999999999588e+01
2.487499999999999645e+01
2.488999999999999702e+01
2.490499999999999758e+01
2.491999999999999815e+01
2.493499999999999872e+01
2.494999999999999929e+01
2.496499999999999631e+01
2.497999999999999687e+01
2.499499999999999744e+01
2.500999999999999801e+01
2.502499999999999858e+01
2.503999999999999915e+01
2.505499999999999616e+01
2.506999999999999673e+01
2.508499999999999730e+01
2.509999999999999787e+01
2.511499999999999844e+01
2.512999999999999901e+01
2.514499999999999602e+01
2.515999999999999659e+01
2.517499999999999716e+01
2.518999999999999773e+01
2.520499999999999829e+01
2.521999999999999886e+01
2.523499999999999588e+01
2.524999999999999645e+01
2.526499999999999702e+01
2.527999999999999758e+01
2.529499999999999815e+01
2.530999999999999872e+01
2.532499999999999929e+01
2.533999999999999631e+01
2.535499999999999687e+01
2.536999999999999744e+01
2.538499999999999801e+01
2.539999999999999858e+01
2.541499999999999915e+01
2.542999999999999616e+01
2.544499999999999673e+01
2.545999999999999730e+01
2.547499999999999787e+01
2.548999999999999844e+01
2.550499999999999901e+01
2.551999999999999602e+01
2.553499999999999659e+01
2.554999999999999716e+01
2.556499999999999773e+01
2.557999999999999829e+01
2.559499999999999886e+01
2.560999999999999588e+01
2.562499999999999645e+01
2.563999999999999702e+01
2.565499999999999758e+01
2.566999999999999815e+01
2.568499999999999872e+01
2.569999999999999929e+01
2.571499999999999631e+01
2.572999999999999687e+01
2.574499999999999744e+01
2.575999999999999801e+01
2.577499999999999858e+01
2.578999999999999915e+01
2.580499999999999616e+01
2.581999999999999673e+01
2.583499999999999730e+01
2.584999999999999787e+01
2.586499999999999844e+01
2.587999999999999901e+01
2.589499999999999602e+01
2.590999999999999659e+01
2.592499999999999716e+01
2.593999999999999773e+01
2.595499999999999829e+01
2.596999999999999886e+01
2.598499999999999588e+01
2.599999999999999645e+01
2.601499999999999702e+01
2.602999999999999758e+01
2.604499999999999815e+01
2.605999999999999872e+01
2.607499999999999929e+01
2.608999999999999631e+01
2.610499999999999687e+01
2.611999999999999744e+01
2.613499999999999801e+01
2.614999999999999858e+01
2.616499999999999915e+01
2.617999999999999616e+01
2.619499999999999673e+01
2.620999999999999730e+01
2.622499999999999787e+01
2.623999999999999844e+01
2.625499999999999901e+01
2.626999999999999602e+01
2.628499999999999659e+01
2.629999999999999716e+01
2.631499999999999773e+01
2.632999999999999829e+01
2.634499999999999886e+01
2.635999999999999588e+01
2.637499999999999645e+01
2.638999999999999702e+01
2.640499999999999758e+01
2.641999999999999815e+01
2.643499999999999872e+01
2.644999999999999929e+01
2.646499999999999631e+01
2.647999999999999687e+01
2.649499999999999744e+01
2.650999999999999801e+01
2.652499999999999858e+01
2.653999999999999915e+01
2.655499999999999616e+01
2.656999999999999673e+01
2.658499999999999730e+01
2.659999999999999787e+01
2.661499999999999844e+01
2.662999999999999901e+01
2.664499999999999602e+01
2.665999999999999659e+01
2.667499999999999716e+01
2.668999999999999773e+01
2.670499999999999829e+01
2.671999999999999886e+01
2.673499999999999588e+01
2.674999999999999645e+01
2.676499999999999702e+01
2.677999999999999758e+01
2.679499999999999815e+01
2.680999999999999872e+01
2.682499999999999929e+01
2.683999999999999631e+01
2.685499999999999687e+01
2.686999999999999744e+01
2.688499999999999801e+01
2.689999999999999858e+01
2.691499999999999915e+01
2.692999999999999616e+01
2.694499999999999673e+01
2.695999999999999730e+01
2.697499999999999787e+01
2.698999999999999844e+01
2.700499999999999901e+01
2.701999999999999602e+01
2.703499999999999659e+01
2.704999999999999716e+01
2.706499999999999773e+01
2.707999999999999829e+01
2.709499999999999886e+01
2.710999999999999588e+01
2.712499999999999645e+01
2.713999999999999702e+01
2.715499999999999758e+01
2.716999999999999815e+01
2.718499999999999872e+01
2.719999999999999574e+01
2.721499999999999631e+01
2.722999999999999687e+01
2.724499999999999744e+01
2.725999999999999801e+01
2.727499999999999858e+01
2.728999999999999915e+01
2.730499999999999616e+01
2.731999999999999673e+01
2.733499999999999730e+01
2.734999999999999787e+01
2.736499999999999844e+01
2.737999999999999901e+01
2.739499999999999602e+01
2.740999999999999659e+01
2.742499999999999716e+01
2.743999999999999773e+01
2.745499999999999829e+01
2.746999999999999886e+01
2.748499999999999588e+01
2.749999999999999645e+01
2.751499999999999702e+01
2.752999999999999758e+01
2.754499999999999815e+01
2.755999999999999872e+01
2.757499999999999574e+01
2.758999999999999631e+01
2.760499999999999687e+01
2.761999999999999744e+01
2.763499999999999801e+01
2.764999999999999858e+01
2.766499999999999915e+01
2.767999999999999616e+01
2.769499999999999673e+01
2.770999999999999730e+01
2.772499999999999787e+01
2.773999999999999844e+01
2.775499999999999901e+01
2.776999999999999602e+01
2.778499999999999659e+01
2.779999999999999716e+01
2.781499999999999773e+01
2.782999999999999829e+01
2.784499999999999886e+01
2.785999999999999588e+01
2.787499999999999645e+01
2.788999999999999702e+01
2.790499999999999758e+01
2.791999999999999815e+01
2.793499999999999872e+01
2.794999999999999574e+01
2.796499999999999631e+01
2.797999999999999687e+01
2.799499999999999744e+01
2.800999999999999801e+01
2.802499999999999858e+01
2.803999999999999915e+01
2.805499999999999616e+01
2.806999999999999673e+01
2.808499999999999730e+01
2.809999999999999787e+01
2.811499999999999844e+01
2.812999999999999901e+01
2.814499999999999602e+01
2.815999999999999659e+01
2.817499999999999716e+01
2.818999999999999773e+01
2.820499999999999829e+01
2.821999999999999886e+01
2.823499999999999588e+01
2.824999999999999645e+01
2.826499999999999702e+01
2.827999999999999758e+01
2.829499999999999815e+01
2.830999999999999872e+01
2.832499999999999574e+01
2.833999999999999631e+01
2.835499999999999687e+01
2.836999999999999744e+01
2.838499999999999801e+01
2.839999999999999858e+01
2.841499999999999915e+01
2.842999999999999616e+01
2.844499999999999673e+01
2.845999999999999730e+01
2.847499999999999787e+01
2.848999999999999844e+01
2.850499999999999901e+01
2.851999999999999602e+01
2.853499999999999659e+01
2.854999999999999716e+01
2.856499999999999773e+01
2.857999999999999829e+01
2.859499999999999886e+01
2.860999999999999588e+01
2.862499999999999645e+01
2.863999999999999702e+01
2.865499999999999758e+01
2.866999999999999815e+01
2.868499999999999872e+01
2.869999999999999574e+01
2.871499999999999631e+01
2.872999999999999687e+01
2.874499999999999744e+01
2.875999999999999801e+01
2.877499999999999858e+01
2.878999999999999915e+01
2.880499999999999616e+01
2.881999999999999673e+01
2.883499999999999730e+01
2.884999999999999787e+01
2.886499999999999844e+01
2.887999999999999901e+01
2.889499999999999602e+01
2.890999999999999659e+01
2.892499999999999716e+01
2.893999999999999773e+01
2.895499999999999829e+01
2.896999999999999886e+01
2.898499999999999588e+01
2.899999999999999645e+01
2.901499999999999702e+01
2.902999999999999758e+01
2.904499999999999815e+01
2.905999999999999872e+01
2.907499999999999574e+01
2.908999999999999631e+01
2.910499999999999687e+01
2.911999999999999744e+01
2.913499999999999801e+01
2.914999999999999858e+01
2.916499999999999915e+01
2.917999999999999616e+01
2.919499999999999673e+01
2.920999999999999730e+01
2.922499999999999787e+01
2.923999999999999844e+01
2.925499999999999901e+01
2.926999999999999602e+01
2.928499999999999659e+01
2.929999999999999716e+01
2.931499999999999773e+01
2.932999999999999829e+01
2.934499999999999886e+01
2.935999999999999588e+01
2.937499999999999645e+01
2.938999999999999702e+01
2.940499999999999758e+01
2.941999999999999815e+01
2.943499999999999872e+01
2.944999999999999574e+01
2.946499999999999631e+01
2.947999999999999687e+01
2.949499999999999744e+01
2.950999999999999801e+01
2.952499999999999858e+01
2.953999999999999915e+01
2.955499999999999616e+01
2.956999999999999673e+01
2.958499999999999730e+01
2.959999999999999787e+01
2.961499999999999844e+01
2.962999999999999901e+01
2.964499999999999602e+01
2.965999999999999659e+01
2.967499999999999716e+01
2.968999999999999773e+01
2.970499999999999829e+01
2.971999999999999886e+01
2.973499999999999588e+01
2.974999999999999645e+01
2.976499999999999702e+01
2.977999999999999758e+01
2.979499999999999815e+01
2.980999999999999872e+01
2.982499999999999574e+01
2.983999999999999631e+01
2.985499999999999687e+01
2.986999999999999744e+01
2.988499999999999801e+01
2.989999999999999858e+01
2.991499999999999915e+01
2.992999999999999616e+01
2.994499999999999673e+01
2.995999999999999730e+01
2.997499999999999787e+01
2.998999999999999844e+01
3.000499999999999901e+01
3.001999999999999602e+01
3.003499999999999659e+01
3.004999999999999716e+01
3.006499999999999773e+01
3.007999999999999829e+01
3.009499999999999886e+01
3.010999999999999588e+01
3.012499999999999645e+01
3.013999999999999702e+01
3.015499999999999758e+01
3.016999999999999815e+01
3.018499999999999872e+01
3.019999999999999574e+01
3.021499999999999631e+01
3.022999999999999687e+01
3.024499999999999744e+01
3.025999999999999801e+01
3.027499999999999858e+01
3.028999999999999915e+01
3.030499999999999616e+01
3.031999999999999673e+01
3.033499999999999730e+01
3.034999999999999787e+01
3.036499999999999844e+01
3.037999999999999901e+01
3.039499999999999602e+01
3.040999999999999659e+01
3.042499999999999716e+01
3.043999999999999773e+01
3.045499999999999829e+01
3.046999999999999886e+01
3.048499999999999943e+01
3.050000000000000000e+01
3.051500000000000057e+01
3.052999999999999403e+01
3.054499999999999460e+01
3.055999999999999517e+01
3.057499999999999574e+01
3.058999999999999631e+01
3.060499999999999687e+01
3.061999999999999744e+01
3.063499999999999801e+01
3.064999999999999858e+01
3.066499999999999915e+01
3.067999999999999972e+01
3.069500000000000028e+01
3.071000000000000085e+01
3.072499999999999432e+01
3.073999999999999488e+01
3.075499999999999545e+01
3.076999999999999602e+01
3.078499999999999659e+01
3.079999999999999716e+01
3.081499999999999773e+01
3.082999999999999829e+01
3.084499999999999886e+01
3.085999999999999943e+01
3.087500000000000000e+01
3.089000000000000057e+01
3.090499999999999403e+01
3.091999999999999460e+01
3.093499999999999517e+01
3.094999999999999574e+01
3.096499999999999631e+01
3.097999999999999687e+01
3.099499999999999744e+01
3.100999999999999801e+01
3.102499999999999858e+01
3.103999999999999915e+01
3.105499999999999972e+01
3.107000000000000028e+01
3.108500000000000085e+01
3.109999999999999432e+01
3.111499999999999488e+01
3.112999999999999545e+01
3.114499999999999602e+01
3.115999999999999659e+01
3.117499999999999716e+01
3.118999999999999773e+01
3.120499999999999829e+01
3.121999999999999886e+01
3.123499999999999943e+01
3.125000000000000000e+01
3.126500000000000057e+01
3.127999999999999403e+01
3.129499999999999460e+01
3.130999999999999517e+01
3.132499999999999574e+01
3.133999999999999631e+01
3.135499999999999687e+01
3.136999999999999744e+01
3.138499999999999801e+01
3.139999999999999858e+01
3.141499999999999915e+01
3.142999999999999972e+01
3.144500000000000028e+01
3.146000000000000085e+01
3.147499999999999432e+01
3.148999999999999488e+01
3.150499999999999545e+01
3.151999999999999602e+01
3.153499999999999659e+01
3.154999999999999716e+01
3.156499999999999773e+01
3.157999999999999829e+01
3.159499999999999886e+01
3.160999999999999943e+01
3.162500000000000000e+01
3.164000000000000057e+01
3.165499999999999403e+01
3.166999999999999460e+01
3.168499999999999517e+01
3.169999999999999574e+01
3.171499999999999631e+01
3.172999999999999687e+01
3.174499999999999744e+01
3.175999999999999801e+01
3.177499999999999858e+01
3.178999999999999915e+01
3.180499999999999972e+01
3.182000000000000028e+01
3.183500000000000085e+01
3.184999999999999432e+01
3.186499999999999488e+01
3.187999999999999545e+01
3.189499999999999602e+01
3.190999999999999659e+01
3.192499999999999716e+01
3.193999999999999773e+01
3.195499999999999829e+01
3.196999999999999886e+01
3.198499999999999943e+01
3.200000000000000000e+01
3.201500000000000057e+01
3.202999999999999403e+01
3.204499999999999460e+01
3.205999999999999517e+01
3.207499999999999574e+01
3.208999999999999631e+01
3.210499999999999687e+01
3.211999999999999744e+01
3.213499999999999801e+01
3.214999999999999858e+01
3.216499999999999915e+01
3.217999999999999972e+01
3.219500000000000028e+01
3.221000000000000085e+01
3.222499999999999432e+01
3.223999999999999488e+01
3.225499999999999545e+01
3.226999999999999602e+01
3.228499999999999659e+01
3.229999999999999716e+01
3.231499999999999773e+01
3.232999999999999829e+01
3.234499999999999886e+01
3.235999999999999943e+01
3.237500000000000000e+01
3.239000000000000057e+01
3.240499999999999403e+01
3.241999999999999460e+01
3.243499999999999517e+01
3.244999999999999574e+01
3.246499999999999631e+01
3.247999999999999687e+01
3.249499999999999744e+01
3.250999999999999801e+01
3.252499999999999858e+01
3.253999999999999915e+01
3.255499999999999972e+01
3.257000000000000028e+01
3.258500000000000085e+01
3.259999999999999432e+01
3.261499999999999488e+01
3.262999999999999545e+01
3.264499999999999602e+01
3.265999999999999659e+01
3.267499999999999716e+01
3.268999999999999773e+01
3.270499999999999829e+01
3.271999999999999886e+01
3.273499999999999943e+01
3.275000000000000000e+01
3.276500000000000057e+01
3.277999999999999403e+01
3.279499999999999460e+01
3.280999999999999517e+01
3.282499999999999574e+01
3.283999999999999631e+01
3.285499999999999687e+01
3.286999999999999744e+01
3.288499999999999801e+01
3.289999999999999858e+01
3.291499999999999915e+01
3.292999999999999972e+01
3.294500000000000028e+01
3.296000000000000085e+01
3.297499999999999432e+01
3.298999999999999488e+01
3.300499999999999545e+01
3.301999999999999602e+01
3.303499999999999659e+01
3.304999999999999716e+01
3.306499999999999773e+01
3.307999999999999829e+01
3.309499999999999886e+01
3.310999999999999943e+01
3.312500000000000000e+01
3.314000000000000057e+01
3.315499999999999403e+01
3.316999999999999460e+01
3.318499999999999517e+01
3.319999999999999574e+01
3.321499999999999631e+01
3.322999999999999687e+01
3.324499999999999744e+01
3.325999999999999801e+01
3.327499999999999858e+01
3.328999999999999915e+01
3.330499999999999972e+01
3.332000000000000028e+01
3.333499999999999375e+01
3.334999999999999432e+01
3.336499999999999488e+01
3.337999999999999545e+01
3.339499999999999602e+01
3.340999999999999659e+01
3.342499999999999716e+01
3.343999999999999773e+01
3.345499999999999829e+01
3.346999999999999886e+01
3.348499999999999943e+01
3.350000000000000000e+01
3.351500000000000057e+01
3.352999999999999403e+01
3.354499999999999460e+01
3.355999999999999517e+01
3.357499999999999574e+01
3.358999999999999631e+01
3.360499999999999687e+01
3.361999999999999744e+01
3.363499999999999801e+01
3.364999999999999858e+01
3.366499999999999915e+01
3.367999999999999972e+01
3.369500000000000028e+01
3.370999999999999375e+01
3.372499999999999432e+01
3.373999999999999488e+01
3.375499999999999545e+01
3.376999999999999602e+01
3.378499999999999659e+01
3.379999999999999716e+01
3.381499999999999773e+01
3.382999999999999829e+01
3.384499999999999886e+01
3.385999999999999943e+01
3.387500000000000000e+01
3.389000000000000057e+01
3.390499999999999403e+01
3.391999999999999460e+01
3.393499999999999517e+01
3.394999999999999574e+01
3.396499999999999631e+01
3.397999999999999687e+01
3.399499999999999744e+01
3.400999999999999801e+01
3.402499999999999858e+01
3.403999999999999915e+01
3.405499999999999972e+01
3.407000000000000028e+01
3.408499999999999375e+01
3.409999999999999432e+01
3.411499999999999488e+01
3.412999999999999545e+01
3.414499999999999602e+01
3.415999999999999659e+01
3.417499999999999716e+01
3.418999999999999773e+01
3.420499999999999829e+01
3.421999999999999886e+01
3.423499999999999943e+01
3.425000000000000000e+01
3.426500000000000057e+01
3.427999999999999403e+01
3.429499999999999460e+01
3.430999999999999517e+01
3.432499999999999574e+01
3.433999999999999631e+01
3.435499999999999687e+01
3.436999999999999744e+01
3.438499999999999801e+01
3.439999999999999858e+01
3.441499999999999915e+01
3.442999999999999972e+01
3.444500000000000028e+01
3.445999999999999375e+01
3.447499999999999432e+01
3.448999999999999488e+01
3.450499999999999545e+01
3.451999999999999602e+01
3.453499999999999659e+01
3.454999999999999716e+01
3.456499999999999773e+01
3.457999999999999829e+01
3.459499999999999886e+01
3.460999999999999943e+01
3.462500000000000000e+01
3.464000000000000057e+01
3.465499999999999403e+01
3.466999999999999460e+01
3.468499999999999517e+01
3.469999999999999574e+01
3.471499999999999631e+01
3.472999999999999687e+01
3.474499999999999744e+01
3.475999999999999801e+01
3.477499999999999858e+01
3.478999999999999915e+01
3.480499999999999972e+01
3.482000000000000028e+01
3.483499999999999375e+01
3.484999999999999432e+01
3.486499999999999488e+01
3.487999999999999545e+01
3.489499999999999602e+01
3.490999999999999659e+01
3.492499999999999716e+01
3.493999999999999773e+01
3.495499999999999829e+01
3.496999999999999886e+01
3.498499999999999943e+01
3.500000000000000000e+01
3.501500000000000057e+01
3.502999999999999403e+01
3.504499999999999460e+01
3.505999999999999517e+01
3.507499999999999574e+01
3.508999999999999631e+01
3.510499999999999687e+01
3.511999999999999744e+01
3.513499999999999801e+01
3.514999999999999858e+01
3.516499999999999915e+01
3.517999999999999972e+01
3.519500000000000028e+01
3.520999999999999375e+01
3.522499999999999432e+01
3.523999999999999488e+01
3.525499999999999545e+01
3.526999999999999602e+01
3.528499999999999659e+01
3.529999999999999716e+01
3.531499999999999773e+01
3.532999999999999829e+01
3.534499999999999886e+01
3.535999999999999943e+01
3.537500000000000000e+01
3.539000000000000057e+01
3.540499999999999403e+01
3.541999999999999460e+01
3.543499999999999517e+01
3.544999999999999574e+01
3.546499999999999631e+01
3.547999999999999687e+01
3.549499999999999744e+01
3.550999999999999801e+01
3.552499999999999858e+01
3.553999999999999915e+01
3.555499999999999972e+01
3.557000000000000028e+01
3.558499999999999375e+01
3.559999999999999432e+01
3.561499999999999488e+01
3.562999999999999545e+01
3.564499999999999602e+01
3.565999999999999659e+01
3.567499999999999716e+01
3.568999999999999773e+01
3.570499999999999829e+01
3.571999999999999886e+01
3.573499999999999943e+01
3.575000000000000000e+01
3.576500000000000057e+01
3.577999999999999403e+01
3.579499999999999460e+01
3.580999999999999517e+01
3.582499999999999574e+01
3.583999999999999631e+01
3.585499999999999687e+01
3.586999999999999744e+01
3.588499999999999801e+01
3.589999999999999858e+01
3.591499999999999915e+01
3.592999999999999972e+01
3.594500000000000028e+01
3.595999999999999375e+01
3.597499999999999432e+01
3.598999999999999488e+01
3.600499999999999545e+01
3.601999999999999602e+01
3.603499999999999659e+01
3.604999999999999716e+01
3.606499999999999773e+01
3.607999999999999829e+01
3.609499999999999886e+01
3.610999999999999943e+01
3.612500000000000000e+01
3.614000000000000057e+01
3.615499999999999403e+01
3.616999999999999460e+01
3.618499999999999517e+01
3.619999999999999574e+01
3.621499999999999631e+01
3.622999999999999687e+01
3.624499999999999744e+01
3.625999999999999801e+01
3.627499999999999858e+01
3.628999999999999915e+01
3.630499999999999972e+01
3.632000000000000028e+01
3.633499999999999375e+01
3.634999999999999432e+01
3.636499999999999488e+01
3.637999999999999545e+01
3.639499999999999602e+01
3.640999999999999659e+01
3.642499999999999716e+01
3.643999999999999773e+01
3.645499999999999829e+01
3.646999999999999886e+01
3.648499999999999943e+01
3.650000000000000000e+01
3.651500000000000057e+01
3.652999999999999403e+01
3.654499999999999460e+01
3.655999999999999517e+01
3.657499999999999574e+01
3.658999999999999631e+01
3.660499999999999687e+01
3.661999999999999744e+01
3.663499999999999801e+01
3.664999999999999858e+01
3.666499999999999915e+01
3.667999999999999972e+01
3.669500000000000028e+01
3.670999999999999375e+01
3.672499999999999432e+01
3.673999999999999488e+01
3.675499999999999545e+01
3.676999999999999602e+01
3.678499999999999659e+01
3.679999999999999716e+01
3.681499999999999773e+01
3.682999999999999829e+01
3.684499999999999886e+01
3.685999999999999943e+01
3.687500000000000000e+01
3.689000000000000057e+01
3.690499999999999403e+01
3.691999999999999460e+01
3.693499999999999517e+01
3.694999999999999574e+01
3.696499999999999631e+01
3.697999999999999687e+01
3.699499999999999744e+01
3.700999999999999801e+01
3.702499999999999858e+01
3.703999999999999915e+01
3.705499999999999972e+01
3.707000000000000028e+01
3.708499999999999375e+01
3.709999999999999432e+01
3.711499999999999488e+01
3.712999999999999545e+01
3.714499999999999602e+01
3.715999999999999659e+01
3.717499999999999716e+01
3.718999999999999773e+01
3.720499999999999829e+01
3.721999999999999886e+01
3.723499999999999943e+01
3.725000000000000000e+01
3.726500000000000057e+01
3.727999999999999403e+01
3.729499999999999460e+01
3.730999999999999517e+01
3.732499999999999574e+01
3.733999999999999631e+01
3.735499999999999687e+01
3.736999999999999744e+01
3.738499999999999801e+01
3.739999999999999858e+01
3.741499999999999915e+01
3.742999999999999972e+01
3.744500000000000028e+01
3.745999999999999375e+01
3.747499999999999432e+01
3.748999999999999488e+01
3.750499999999999545e+01
3.751999999999999602e+01
3.753499999999999659e+01
3.754999999999999716e+01
3.756499999999999773e+01
3.757999999999999829e+01
3.759499999999999886e+01
3.760999999999999943e+01
3.762500000000000000e+01
3.764000000000000057e+01
3.765499999999999403e+01
3.766999999999999460e+01
3.768499999999999517e+01
3.769999999999999574e+01
3.771499999999999631e+01
3.772999999999999687e+01
3.774499999999999744e+01
3.775999999999999801e+01
3.777499999999999858e+01
3.778999999999999915e+01
3.780499999999999972e+01
3.782000000000000028e+01
3.783499999999999375e+01
3.784999999999999432e+01
3.786499999999999488e+01
3.787999999999999545e+01
3.789499999999999602e+01
3.790999999999999659e+01
3.792499999999999716e+01
3.793999999999999773e+01
3.795499999999999829e+01
3.796999999999999886e+01
3.798499999999999943e+01
3.800000000000000000e+01
3.801500000000000057e+01
3.802999999999999403e+01
3.804499999999999460e+01
3.805999999999999517e+01
3.807499999999999574e+01
3.808999999999999631e+01
3.810499999999999687e+01
3.811999999999999744e+01
3.813499999999999801e+01
3.814999999999999858e+01
3.816499999999999915e+01
3.817999999999999972e+01
3.819500000000000028e+01
3.820999999999999375e+01
3.822499999999999432e+01
3.823999999999999488e+01
3.825499999999999545e+01
3.826999999999999602e+01
3.828499999999999659e+01
3.829999999999999716e+01
3.831499999999999773e+01
3.832999999999999829e+01
3.834499999999999886e+01
3.835999999999999943e+01
3.837500000000000000e+01
3.839000000000000057e+01
3.840499999999999403e+01
3.841999999999999460e+01
3.843499999999999517e+01
3.844999999999999574e+01
3.846499999999999631e+01
3.847999999999999687e+01
3.849499999999999744e+01
3.850999999999999801e+01
3.852499999999999858e+01
3.853999999999999915e+01
3.855499999999999972e+01
3.857000000000000028e+01
3.858499999999999375e+01
3.859999999999999432e+01
3.861499999999999488e+01
3.862999999999999545e+01
3.864499999999999602e+01
3.865999999999999659e+01
3.867499999999999716e+01
3.868999999999999773e+01
3.870499999999999829e+01
3.871999999999999886e+01
3.873499999999999943e+01
3.875000000000000000e+01
3.876500000000000057e+01
3.877999999999999403e+01
3.879499999999999460e+01
3.880999999999999517e+01
3.882499999999999574e+01
3.883999999999999631e+01
3.885499999999999687e+01
3.886999999999999744e+01
3.888499999999999801e+01
3.889999999999999858e+01
3.891499999999999915e+01
3.892999999999999972e+01
3.894500000000000028e+01
3.895999999999999375e+01
3.897499999999999432e+01
3.898999999999999488e+01
3.900499999999999545e+01
3.901999999999999602e+01
3.903499999999999659e+01
3.904999999999999716e+01
3.906499999999999773e+01
3.907999999999999829e+01
3.909499999999999886e+01
3.910999999999999943e+01
3.912500000000000000e+01
3.914000000000000057e+01
3.915499999999999403e+01
3.916999999999999460e+01
3.918499999999999517e+01
3.919999999999999574e+01
3.921499999999999631e+01
3.922999999999999687e+01
3.924499999999999744e+01
3.925999999999999801e+01
3.927499999999999858e+01
3.928999999999999915e+01
3.930499999999999972e+01
3.932000000000000028e+01
3.933499999999999375e+01
3.934999999999999432e+01
3.936499999999999488e+01
3.937999999999999545e+01
3.939499999999999602e+01
3.940999999999999659e+01
3.942499999999999716e+01
3.943999999999999773e+01
3.945499999999999829e+01
3.946999999999999886e+01
3.948499999999999943e+01
3.950000000000000000e+01
3.951500000000000057e+01
3.952999999999999403e+01
3.954499999999999460e+01
3.955999999999999517e+01
3.957499999999999574e+01
3.958999999999999631e+01
3.960499999999999687e+01
3.961999999999999744e+01
3.963499999999999801e+01
3.964999999999999858e+01
3.966499999999999915e+01
3.967999999999999972e+01
3.969500000000000028e+01
3.970999999999999375e+01
3.972499999999999432e+01
3.973999999999999488e+01
3.975499999999999545e+01
3.976999999999999602e+01
3.978499999999999659e+01
3.979999999999999716e+01
3.981499999999999773e+01
3.982999999999999829e+01
3.984499999999999886e+01
3.985999999999999943e+01
3.987500000000000000e+01
3.989000000000000057e+01
3.990499999999999403e+01
3.991999999999999460e+01
3.993499999999999517e+01
3.994999999999999574e+01
3.996499999999999631e+01
3.997999999999999687e+01
3.999499999999999744e+01
4.000999999999999801e+01
4.002499999999999858e+01
4.003999999999999915e+01
4.005499999999999972e+01
4.007000000000000028e+01
4.008499999999999375e+01
4.009999999999999432e+01
4.011499999999999488e+01
4.012999999999999545e+01
4.014499999999999602e+01
4.015999999999999659e+01
4.017499999999999716e+01
4.018999999999999773e+01
4.020499999999999829e+01
4.021999999999999886e+01
4.023499999999999943e+01
4.025000000000000000e+01
4.026500000000000057e+01
4.027999999999999403e+01
4.029499999999999460e+01
4.030999999999999517e+01
4.032499999999999574e+01
4.033999999999999631e+01
4.035499999999999687e+01
4.036999999999999744e+01
4.038499999999999801e+01
4.039999999999999858e+01
4.041499999999999915e+01
4.042999999999999972e+01
4.044500000000000028e+01
4.045999999999999375e+01
4.047499999999999432e+01
4.048999999999999488e+01
4.050499999999999545e+01
4.051999999999999602e+01
4.053499999999999659e+01
4.054999999999999716e+01
4.056499999999999773e+01
4.057999999999999829e+01
4.059499999999999886e+01
4.060999999999999943e+01
4.062500000000000000e+01
4.063999999999999346e+01
4.065499999999999403e+01
4.066999999999999460e+01
4.068499999999999517e+01
4.069999999999999574e+01
4.071499999999999631e+01
4.072999999999999687e+01
4.074499999999999744e+01
4.075999999999999801e+01
4.077499999999999858e+01
4.078999999999999915e+01
4.080499999999999972e+01
4.082000000000000028e+01
4.083499999999999375e+01
4.084999999999999432e+01
4.086499999999999488e+01
4.087999999999999545e+01
4.089499999999999602e+01
4.090999999999999659e+01
4.092499999999999716e+01
4.093999999999999773e+01
4.095499999999999829e+01
4.096999999999999886e+01
4.098499999999999943e+01
4.100000000000000000e+01
4.101499999999999346e+01
4.102999999999999403e+01
4.104499999999999460e+01
4.105999999999999517e+01
4.107499999999999574e+01
4.108999999999999631e+01
4.110499999999999687e+01
4.111999999999999744e+01
4.113499999999999801e+01
4.114999999999999858e+01
4.116499999999999915e+01
4.117999999999999972e+01
4.119500000000000028e+01
4.120999999999999375e+01
4.122499999999999432e+01
4.123999999999999488e+01
4.125499999999999545e+01
4.126999999999999602e+01
4.128499999999999659e+01
4.129999999999999716e+01
4.131499999999999773e+01
4.132999999999999829e+01
4.134499999999999886e+01
4.135999999999999943e+01
4.137500000000000000e+01
4.138999999999999346e+01
4.140499999999999403e+01
4.141999999999999460e+01
4.143499999999999517e+01
4.144999999999999574e+01
4.146499999999999631e+01
4.147999999999999687e+01
4.149499999999999744e+01
4.150999999999999801e+01
4.152499999999999858e+01
4.153999999999999915e+01
4.155499999999999972e+01
4.157000000000000028e+01
4.158499999999999375e+01
4.159999999999999432e+01
4.161499999999999488e+01
4.162999999999999545e+01
4.164499999999999602e+01
4.165999999999999659e+01
4.167499999999999716e+01
4.168999999999999773e+01
4.170499999999999829e+01
4.171999999999999886e+01
4.173499999999999943e+01
4.175000000000000000e+01
4.176499999999999346e+01
4.177999999999999403e+01
4.179499999999999460e+01
4.180999999999999517e+01
4.182499999999999574e+01
4.183999999999999631e+01
4.185499999999999687e+01
4.186999999999999744e+01
4.188499999999999801e+01
4.189999999999999858e+01
4.191499999999999915e+01
4.192999999999999972e+01
4.194500000000000028e+01
4.195999999999999375e+01
4.197499999999999432e+01
4.198999999999999488e+01
4.200499999999999545e+01
4.201999999999999602e+01
4.203499999999999659e+01
4.204999999999999716e+01
4.206499999999999773e+01
4.207999999999999829e+01
4.209499999999999886e+01
4.210999999999999943e+01
4.212500000000000000e+01
4.213999999999999346e+01
4.215499999999999403e+01
4.216999999999999460e+01
4.218499999999999517e+01
4.219999999999999574e+01
4.221499999999999631e+01
4.222999999999999687e+01
4.224499999999999744e+01
4.225999999999999801e+01
4.227499999999999858e+01
4.228999999999999915e+01
4.230499999999999972e+01
4.232000000000000028e+01
4.233499999999999375e+01
4.234999999999999432e+01
4.236499999999999488e+01
4.237999999999999545e+01
4.239499999999999602e+01
4.240999999999999659e+01
4.242499999999999716e+01
4.243999999999999773e+01
4.245499999999999829e+01
4.246999999999999886e+01
4.248499999999999943e+01
4.250000000000000000e+01
4.251499999999999346e+01
4.252999999999999403e+01
4.254499999999999460e+01
4.255999999999999517e+01
4.257499999999999574e+01
4.258999999999999631e+01
4.260499999999999687e+01
4.261999999999999744e+01
4.263499999999999801e+01
4.264999999999999858e+01
4.266499999999999915e+01
4.267999999999999972e+01
4.269500000000000028e+01
4.270999999999999375e+01
4.272499999999999432e+01
4.273999999999999488e+01
4.275499999999999545e+01
4.276999999999999602e+01
4.278499999999999659e+01
4.279999999999999716e+01
4.281499999999999773e+01
4.282999999999999829e+01
4.284499999999999886e+01
4.285999999999999943e+01
4.287500000000000000e+01
4.288999999999999346e+01
4.290499999999999403e+01
4.291999999999999460e+01
4.293499999999999517e+01
4.294999999999999574e+01
4.296499999999999631e+01
4.297999999999999687e+01
4.299499999999999744e+01
4.300999999999999801e+01
4.302499999999999858e+01
4.303999999999999915e+01
4.305499999999999972e+01
4.307000000000000028e+01
4.308499999999999375e+01
4.309999999999999432e+01
4.311499999999999488e+01
4.312999999999999545e+01
4.314499999999999602e+01
4.315999999999999659e+01
4.317499999999999716e+01
4.318999999999999773e+01
4.320499999999999829e+01
4.321999999999999886e+01
4.323499999999999943e+01
4.325000000000000000e+01
4.326499999999999346e+01
4.327999999999999403e+01
4.329499999999999460e+01
4.330999999999999517e+01
4.332499999999999574e+01
4.333999999999999631e+01
4.335499999999999687e+01
4.336999999999999744e+01
4.338499999999999801e+01
4.339999999999999858e+01
4.341499999999999915e+01
4.342999999999999972e+01
4.344500000000000028e+01
4.345999999999999375e+01
4.347499999999999432e+01
4.348999999999999488e+01
4.350499999999999545e+01
4.351999999999999602e+01
4.353499999999999659e+01
4.354999999999999716e+01
4.356499999999999773e+01
4.357999999999999829e+01
4.359499999999999886e+01
4.360999999999999943e+01
4.362500000000000000e+01
4.363999999999999346e+01
4.365499999999999403e+01
4.366999999999999460e+01
4.368499999999999517e+01
4.369999999999999574e+01
4.371499999999999631e+01
4.372999999999999687e+01
4.374499999999999744e+01
4.375999999999999801e+01
4.377499999999999858e+01
4.378999999999999915e+01
4.380499999999999972e+01
4.382000000000000028e+01
4.383499999999999375e+01
4.384999999999999432e+01
4.386499999999999488e+01
4.387999999999999545e+01
4.389499999999999602e+01
4.390999999999999659e+01
4.392499999999999716e+01
4.393999999999999773e+01
4.395499999999999829e+01
4.396999999999999886e+01
4.398499999999999943e+01
4.400000000000000000e+01
4.401499999999999346e+01
4.402999999999999403e+01
4.404499999999999460e+01
4.405999999999999517e+01
4.407499999999999574e+01
4.408999999999999631e+01
4.410499999999999687e+01
4.411999999999999744e+01
4.413499999999999801e+01
4.414999999999999858e+01
4.416499999999999915e+01
4.417999999999999972e+01
4.419500000000000028e+01
4.420999999999999375e+01
4.422499999999999432e+01
4.423999999999999488e+01
4.425499999999999545e+01
4.426999999999999602e+01
4.428499999999999659e+01
4.429999999999999716e+01
4.431499999999999773e+01
4.432999999999999829e+01
4.434499999999999886e+01
4.435999999999999943e+01
4.437500000000000000e+01
4.438999999999999346e+01
4.440499999999999403e+01
4.441999999999999460e+01
4.443499999999999517e+01
4.444999999999999574e+01
4.446499999999999631e+01
4.447999999999999687e+01
4.449499999999999744e+01
4.450999999999999801e+01
4.452499999999999858e+01
4.453999999999999915e+01
4.455499999999999972e+01
4.457000000000000028e+01
4.458499999999999375e+01
4.459999999999999432e+01
4.461499999999999488e+01
4.462999999999999545e+01
4.464499999999999602e+01
4.465999999999999659e+01
4.467499999999999716e+01
4.468999999999999773e+01
4.470499999999999829e+01
4.471999999999999886e+01
4.473499999999999943e+01
4.475000000000000000e+01
4.476499999999999346e+01
4.477999999999999403e+01
4.479499999999999460e+01
4.480999999999999517e+01
4.482499999999999574e+01
4.483999999999999631e+01
4.485499999999999687e+01
4.486999999999999744e+01
4.488499999999999801e+01
4.489999999999999858e+01
4.491499999999999915e+01
4.492999999999999972e+01
4.494500000000000028e+01
4.495999999999999375e+01
4.497499999999999432e+01
4.498999999999999488e+01
4.500499999999999545e+01
4.501999999999999602e+01
4.503499999999999659e+01
4.504999999999999716e+01
4.506499999999999773e+01
4.507999999999999829e+01
4.509499999999999886e+01
4.510999999999999943e+01
4.512500000000000000e+01
4.513999999999999346e+01
4.515499999999999403e+01
4.516999999999999460e+01
4.518499999999999517e+01
4.519999999999999574e+01
4.521499999999999631e+01
4.522999999999999687e+01
4.524499999999999744e+01
4.525999999999999801e+01
4.527499999999999858e+01
4.528999999999999915e+01
4.530499999999999972e+01
4.532000000000000028e+01
4.533499999999999375e+01
4.534999999999999432e+01
4.536499999999999488e+01
4.537999999999999545e+01
4.539499999999999602e+01
4.540999999999999659e+01
4.542499999999999716e+01
4.543999999999999773e+01
4.545499999999999829e+01
4.546999999999999886e+01
4.548499999999999943e+01
4.550000000000000000e+01
4.551499999999999346e+01
4.552999999999999403e+01
4.554499999999999460e+01
4.555999999999999517e+01
4.557499999999999574e+01
4.558999999999999631e+01
4.560499999999999687e+01
